# Created by Octave 7.1.0, Thu Jun 09 23:16:16 2022 GMT <unknown@LAPTOP-ATIN4CON>
# name: A
# type: diagonal matrix
# rows: 5
# columns: 5
1
1
1
1
1


